0.000873616	-6.27834e-05	-0.000210157	-0.000124028	1.24437e-05	0.000967517
-6.27834e-05	0.000378238	5.79398e-05	-0.000134502	-0.00052238	-0.000989769
-0.000210157	5.79398e-05	0.000517888	1.56729e-05	-0.00031399	-0.00413843
-0.000124028	-0.000134502	1.56729e-05	0.000493611	-3.02229e-05	-0.00120366
1.24437e-05	-0.00052238	-0.00031399	-3.02229e-05	0.00130199	0.000485231
0.000967517	-0.000989769	-0.00413843	-0.00120366	0.000485231	0.17669
