0.00181298388633877	0.000960538978688419	-0.000682131969369948	-0.00211044424213469	-0.00318130454979837	-0.00816296599805355
0.000960538978688419	0.000601228268351406	-0.000312147836666554	-0.00112688459921628	-0.00196000817231834	-0.00551181938499212
-0.000682131969369948	-0.000312147836666554	0.0004608771414496	0.000852073892019689	0.000980531563982368	0.000854450685437769
-0.00211044424213469	-0.00112688459921628	0.000852073892019689	0.00285252113826573	0.00371292745694518	0.00931576732546091
-0.00318130454979837	-0.00196000817231834	0.000980531563982368	0.00371292745694518	0.00683327810838819	0.0199259556829929
-0.00816296599805355	-0.00551181938499212	0.000854450685437769	0.00931576732546091	0.0199259556829929	0.116694241762161
