0.000591657	0.000102737	-0.000218353	-0.000465406	-0.000704202	-0.00198617
0.000102737	0.000340304	1.68111e-05	-0.000322365	-0.000737651	-0.00264949
-0.000218353	1.68111e-05	0.000380023	0.000163177	-9.40791e-05	-0.00378067
-0.000465406	-0.000322365	0.000163177	0.000799651	0.000892041	0.00146564
-0.000704202	-0.000737651	-9.40791e-05	0.000892041	0.00251532	0.0103267
-0.00198617	-0.00264949	-0.00378067	0.00146564	0.0103267	0.280735
