0.00033294	-1.22146e-05	-2.5986e-05	-6.37849e-05	-6.89542e-05	-0.000452399
-1.22146e-05	0.000399715	0.000110361	-0.000178689	-0.000652268	-0.00192865
-2.5986e-05	0.000110361	0.000399029	-4.12935e-05	-0.000372088	-0.00415571
-6.37849e-05	-0.000178689	-4.12935e-05	0.000462446	0.000119516	-0.000349152
-6.89542e-05	-0.000652268	-0.000372088	0.000119516	0.00157086	0.00297596
-0.000452399	-0.00192865	-0.00415571	-0.000349152	0.00297596	0.187007
