0.00059772	1.85815e-05	-0.000342596	-0.000227329	4.2605e-05	-0.000122282
1.85815e-05	0.000483497	0.000349161	-2.31424e-05	-0.000776698	-0.000444681
-0.000342596	0.000349161	0.00161945	0.000331413	-0.000909558	-0.00546805
-0.000227329	-2.31424e-05	0.000331413	0.00056112	-0.00012722	-0.00212802
4.2605e-05	-0.000776698	-0.000909558	-0.00012722	0.00180618	-0.000521437
-0.000122282	-0.000444681	-0.00546805	-0.00212802	-0.000521437	0.0667362
