0.000624915	2.82663e-05	-0.000161949	-0.000136465	-4.57109e-05	-0.000286747
2.82663e-05	0.000290943	6.47362e-05	-5.49832e-05	-0.000388646	8.97881e-05
-0.000161949	6.47362e-05	0.000520937	3.65404e-05	-0.000137665	-0.00273581
-0.000136465	-5.49832e-05	3.65404e-05	0.000346614	-3.45768e-05	-0.00105725
-4.57109e-05	-0.000388646	-0.000137665	-3.45768e-05	0.000930314	-0.00234485
-0.000286747	8.97881e-05	-0.00273581	-0.00105725	-0.00234485	0.0647521
