0.191119	0.0389497	0.00636634	-0.0012323	-0.00900683	-0.00678923
0.0389497	0.0152959	0.00469129	0.00194258	-0.00251428	-0.006607
0.00636634	0.00469129	0.00420732	0.00295793	0.000586984	-0.0077805
-0.0012323	0.00194258	0.00295793	0.00306034	0.00166172	-0.00711841
-0.00900683	-0.00251428	0.000586984	0.00166172	0.00354659	-0.00525791
-0.00678923	-0.006607	-0.0077805	-0.00711841	-0.00525791	0.0308508
