0.000211513	-4.20889e-05	-0.000135475	-4.59052e-05	6.50924e-05	2.97663e-05
-4.20889e-05	0.000300842	0.000229178	-9.71438e-05	-0.000543382	-0.00160106
-0.000135475	0.000229178	0.000839343	-2.42486e-05	-0.000631284	-0.00610722
-4.59052e-05	-9.71438e-05	-2.42486e-05	0.000382871	5.45916e-05	-0.00110113
6.50924e-05	-0.000543382	-0.000631284	5.45916e-05	0.00137602	0.00273705
2.97663e-05	-0.00160106	-0.00610722	-0.00110113	0.00273705	0.144498
