0.00376839	0.00145645	0.000191128	-0.000295366	-0.000896104	-0.00182479
0.00145645	0.00169613	0.000983261	0.000330945	-0.00120976	-0.00256485
0.000191128	0.000983261	0.00164616	0.000777072	-0.000843146	-0.00499478
-0.000295366	0.000330945	0.000777072	0.000624829	-0.00030729	-0.00288048
-0.000896104	-0.00120976	-0.000843146	-0.00030729	0.00114508	0.000520543
-0.00182479	-0.00256485	-0.00499478	-0.00288048	0.000520543	0.0392909
