0.00138348	0.000249311	-0.00041645	-0.000385213	-0.000136461	-0.000452234
0.000249311	0.000730014	0.000362734	0.00011893	-0.000846487	-0.000532433
-0.00041645	0.000362734	0.00130039	0.000636642	-0.000583678	-0.00351387
-0.000385213	0.00011893	0.000636642	0.000647586	-0.000180474	-0.00229548
-0.000136461	-0.000846487	-0.000583678	-0.000180474	0.00157748	-0.0014119
-0.000452234	-0.000532433	-0.00351387	-0.00229548	-0.0014119	0.033422
