0.194126	0.0150848	-0.00738647	-0.00764669	-0.00362167	0.0215145
0.0150848	0.00551872	0.000730041	-0.000298765	-0.00205873	0.000999071
-0.00738647	0.000730041	0.00245431	0.00122889	-0.000830093	-0.00668573
-0.00764669	-0.000298765	0.00122889	0.00115276	-0.000243372	-0.00475058
-0.00362167	-0.00205873	-0.000830093	-0.000243372	0.00126623	-0.00167989
0.0215145	0.000999071	-0.00668573	-0.00475058	-0.00167989	0.0895046
