0.00424291	1.25089e-06	-0.000580682	-0.000291882	2.99774e-05	-0.000163134
1.25089e-06	0.00135598	0.000578112	-0.000120445	-0.00134497	-0.00297428
-0.000580682	0.000578112	0.00107835	-3.50662e-05	-0.000957275	-0.00585269
-0.000291882	-0.000120445	-3.50662e-05	0.000498994	-2.1835e-05	-0.00156577
2.99774e-05	-0.00134497	-0.000957275	-2.1835e-05	0.00197447	0.00176146
-0.000163134	-0.00297428	-0.00585269	-0.00156577	0.00176146	0.175958
