0.00023506	2.71866e-07	-5.12583e-05	-9.49445e-05	-0.000119702	-0.00040372
2.71866e-07	0.00029449	7.69846e-05	-0.000216836	-0.000566559	-0.00162825
-5.12583e-05	7.69846e-05	0.000423542	1.31853e-05	-0.000394885	-0.00499178
-9.49445e-05	-0.000216836	1.31853e-05	0.000442665	0.000326386	-0.000801442
-0.000119702	-0.000566559	-0.000394885	0.000326386	0.00154652	0.00568363
-0.00040372	-0.00162825	-0.00499178	-0.000801442	0.00568363	0.210695
