0.0997532	0.00170231	-0.00615738	-0.00314955	0.000417354	0.014713
0.00170231	0.00226063	0.000547589	-0.000193942	-0.0014737	-0.0018457
-0.00615738	0.000547589	0.00168614	0.000290705	-0.000908697	-0.00692548
-0.00314955	-0.000193942	0.000290705	0.000701852	-0.000146772	-0.003236
0.000417354	-0.0014737	-0.000908697	-0.000146772	0.00165044	0.000124705
0.014713	-0.0018457	-0.00692548	-0.003236	0.000124705	0.176763
