0.00326659638339223,-0.000275533862892247,-0.000569573453726103,-0.000544351276634448,-0.000306078089852998,-0.000649867752244492
-0.000275533862892247,0.000954577952066604,0.000325248348720002,-0.00023882366329746,-0.00067091031592784,-0.000984944344606213
-0.000569573453726103,0.000325248348720002,0.00112923125689237,-1.21223989044782e-05,-0.000671761287432059,-0.00203700832396541
-0.000544351276634448,-0.00023882366329746,-1.21223989044782e-05,0.000273551396888574,0.000301596914653916,2.00423786359287e-05
-0.000306078089852998,-0.00067091031592784,-0.000671761287432059,0.000301596914653916,0.000924132847946736,0.0012650588971455
-0.000649867752244492,-0.000984944344606213,-0.00203700832396541,2.00423786359287e-05,0.0012650588971455,0.0104075034209543
