0.000474523731752905,5.75902276901176e-05,-5.7854570620771e-05,-0.000191037381582266,-0.000215769633885171,-0.000390659326214139
5.75902276901176e-05,0.000513140189665741,0.000187889599662846,-0.000670704937040262,-0.000875513961607313,-0.00118305812032737
-5.7854570620771e-05,0.000187889599662846,0.00036305891765631,-0.00040525956415143,-0.000637007324566631,-0.00119557521815031
-0.000191037381582266,-0.000670704937040262,-0.00040525956415143,0.00106008053361335,0.00140132077667987,0.00178682303241676
-0.000215769633885171,-0.000875513961607313,-0.000637007324566631,0.00140132077667987,0.00200768306678838,0.00251823814475668
-0.000390659326214139,-0.00118305812032737,-0.00119557521815031,0.00178682303241676,0.00251823814475668,0.0188926204767601
