0.00791045101753629,-0.00183148687867908,-0.0013310704249258,0.000499557161373096,0.00128601062473811,-0.00188499921311178
-0.00183148687867908,0.00214541813384456,0.00104495190173779,-0.00128541537542811,-0.00234940205966249,-0.000969832142269608
-0.0013310704249258,0.00104495190173779,0.00136652737522443,-0.000912116161029024,-0.00194522374509688,-0.00236562791813222
0.000499557161373096,-0.00128541537542811,-0.000912116161029024,0.00112059569515798,0.00190909690810393,0.000720579870749608
0.00128601062473811,-0.00234940205966249,-0.00194522374509688,0.00190909690810393,0.00388653589493146,0.0014121263314908
-0.00188499921311178,-0.000969832142269608,-0.00236562791813222,0.000720579870749608,0.0014121263314908,0.0619239353059203
