0.00164093944822652,-0.000118097599106608,-0.0004070535044956,-3.10538882507243e-05,0.000141744040884058,-0.000261809784977717
-0.000118097599106608,0.000648441954671593,0.000244582988809011,-0.000437886806054055,-0.00072823280819443,-0.000348876668551019
-0.0004070535044956,0.000244582988809011,0.000758186849282661,-0.000347017070542443,-0.000793783224610953,-0.00128179525944987
-3.10538882507243e-05,-0.000437886806054055,-0.000347017070542443,0.00043658473897034,0.000691624493261438,9.7077356244818e-05
0.000141744040884058,-0.00072823280819443,-0.000793783224610953,0.000691624493261438,0.00139211410518073,0.000214884676854206
-0.000261809784977717,-0.000348876668551019,-0.00128179525944987,9.7077356244818e-05,0.000214884676854206,0.027561057058687
