0.0807533778370981,0.00931008278639842,-0.00401017656573582,-0.00544481719914975,-0.004703230291117,-0.00346339000461978
0.00931008278639842,0.00589128450882789,0.000579564551448952,-0.0013247427070696,-0.00222816381454642,-0.00334851149633658
-0.00401017656573582,0.000579564551448952,0.00316884312460707,0.000325649715862425,-0.00112165521192635,-0.00287671641424047
-0.00544481719914975,-0.0013247427070696,0.000325649715862425,0.000725678548411842,0.000616759010928712,-0.000624033800861138
-0.004703230291117,-0.00222816381454642,-0.00112165521192635,0.000616759010928712,0.00151662694852738,0.000407912875510149
-0.00346339000461978,-0.00334851149633658,-0.00287671641424047,-0.000624033800861138,0.000407912875510149,0.0327333930524371
