0.000971572012729974,0.000719671297590742,-0.000288926415296786,-0.00189374957364322,-0.00227354751741433,-0.00306966423955967
0.000719671297590742,0.000677501273211512,-0.000168384262658205,-0.00171131299337336,-0.00207314039860821,-0.00274955556130695
-0.000288926415296786,-0.000168384262658205,0.000191315905381171,0.000426268945658248,0.000512870666164739,0.000365121288598774
-0.00189374957364322,-0.00171131299337336,0.000426268945658248,0.00444455392753618,0.00533611273464428,0.00706289180441347
-0.00227354751741433,-0.00207314039860821,0.000512870666164739,0.00533611273464428,0.00657811888224573,0.00853439200013124
-0.00306966423955967,-0.00274955556130695,0.000365121288598774,0.00706289180441347,0.00853439200013124,0.0179582351612093
