0.000332853907502464,-5.43119434079777e-05,-1.61824239358934e-05,-3.54040691625805e-05,-2.38679186453317e-05,-0.000302764481781581
-5.43119434079777e-05,0.000234214665296622,-3.0848146590673e-05,-0.000100146913297864,-0.000148130580283312,7.82009951474185e-05
-1.61824239358934e-05,-3.0848146590673e-05,0.000275945246757237,-7.64941176984361e-05,-0.000206012036344584,-0.000387639790653121
-3.54040691625805e-05,-0.000100146913297864,-7.64941176984361e-05,0.000125121103041294,0.000163626852762988,-9.95219100475651e-05
-2.38679186453317e-05,-0.000148130580283312,-0.000206012036344584,0.000163626852762988,0.000365289049094043,-0.000205487364093466
-0.000302764481781581,7.82009951474185e-05,-0.000387639790653121,-9.95219100475651e-05,-0.000205487364093466,0.00655626557512214
