0.00346654056435434,0.00116891473029823,-0.000503508319390253,-0.000447144349676116,-0.000506787943035085,-0.00120332309283171
0.00116891473029823,0.00114311637985375,1.0327050504705e-05,-0.00022907026330457,-0.000485526773998985,-0.00156417229337472
-0.000503508319390253,1.0327050504705e-05,0.00073950286023194,0.000138113328358453,-0.000211387581303277,-0.00179566553749155
-0.000447144349676116,-0.00022907026330457,0.000138113328358453,0.000166709299698918,0.000100142081546472,-0.000385192069389304
-0.000506787943035085,-0.000485526773998985,-0.000211387581303277,0.000100142081546472,0.000366081852424666,0.000640552727102604
-0.00120332309283171,-0.00156417229337472,-0.00179566553749155,-0.000385192069389304,0.000640552727102604,0.0118383112350498
