0.000430473850680203,-1.61247354290118e-05,-0.000233408397268186,-0.000109298564653652,-0.000185089054311868,-0.00059230970831736
-1.61247354290118e-05,0.000465504782575819,3.46801263274468e-05,-0.000838248830119443,-0.000893805570558712,-0.000812162193393771
-0.000233408397268186,3.46801263274468e-05,0.000253420020511517,-8.20236645457343e-05,-0.000127580745274346,-0.000318018725815329
-0.000109298564653652,-0.000838248830119443,-8.20236645457343e-05,0.00168688217470096,0.00184952821118953,0.00169899811088233
-0.000185089054311868,-0.000893805570558712,-0.000127580745274346,0.00184952821118953,0.00217382561195347,0.00230477752337933
-0.00059230970831736,-0.000812162193393771,-0.000318018725815329,0.00169899811088233,0.00230477752337933,0.021500369945237
