0.142671894117327,0.0461368000937374,0.0136534714747689,-0.0102171850015056,-0.0237326106671372,-0.0586004614014305
0.0461368000937374,0.0258573295373883,0.00634323159445998,-0.00443715650253742,-0.010147093234878,-0.022912947029934
0.0136534714747689,0.00634323159445998,0.00745104221349752,6.25798128590152e-05,-0.003822906976506,-0.0124622730604044
-0.0102171850015056,-0.00443715650253742,6.25798128590152e-05,0.0022676819667958,0.00316552526327879,0.00214734049855715
-0.0237326106671372,-0.010147093234878,-0.003822906976506,0.00316552526327879,0.00749225776832677,0.0107315331754102
-0.0586004614014305,-0.022912947029934,-0.0124622730604044,0.00214734049855715,0.0107315331754102,0.0538274283870124
