0.000220653696003626,-9.52862800706046e-05,-0.000157932604082669,0.000123714402261918,0.000176875053376851,0.000303732014367867
-9.52862800706046e-05,0.000357748161136271,0.000189234756030319,-0.000612073152296584,-0.000733040503295642,-0.00111086173783491
-0.000157932604082669,0.000189234756030319,0.000304545283783169,-0.000397022131455182,-0.000568457770219772,-0.00112484869710402
0.000123714402261918,-0.000612073152296584,-0.000397022131455182,0.00115335268342312,0.0013960749717645,0.00195309067755742
0.000176875053376851,-0.000733040503295642,-0.000568457770219772,0.0013960749717645,0.00182125961833128,0.00264330079722094
0.000303732014367867,-0.00111086173783491,-0.00112484869710402,0.00195309067755742,0.00264330079722094,0.0130292668925119
