0.000187620119718652,-8.5332709538235e-05,-0.000131258410321881,8.41696533803777e-05,0.000126443656662999,0.00029446908060019
-8.5332709538235e-05,0.000278215735294713,0.000187879291536688,-0.000366058852830944,-0.000472102703646604,-0.000704304731881596
-0.000131258410321881,0.000187879291536688,0.000464778339935794,-0.000415548076125164,-0.000637761619419832,-0.00146180831448702
8.41696533803777e-05,-0.000366058852830944,-0.000415548076125164,0.000629359770524175,0.000835460965210509,0.00120388813916327
0.000126443656662999,-0.000472102703646604,-0.000637761619419832,0.000835460965210509,0.00121436494142281,0.00177879037119764
0.00029446908060019,-0.000704304731881596,-0.00146180831448702,0.00120388813916327,0.00177879037119764,0.0105266834826045
