0.000308943920456598,-0.000177501578666606,-0.00023843492618452,0.000217078287187211,0.000309279380904921,0.000668586312733191
-0.000177501578666606,0.000331003750762578,0.000237996864925153,-0.000478290782660315,-0.000608905593391146,-0.00104917885213393
-0.00023843492618452,0.000237996864925153,0.000445164087909544,-0.000460435689458863,-0.000701861264090966,-0.00150519190162546
0.000217078287187211,-0.000478290782660315,-0.000460435689458863,0.000821944939156932,0.00107193912865258,0.001636123642288
0.000309279380904921,-0.000608905593391146,-0.000701861264090966,0.00107193912865258,0.00153464786759106,0.0024072086982084
0.000668586312733191,-0.00104917885213393,-0.00150519190162546,0.001636123642288,0.0024072086982084,0.0140008836779567
