0.00114347782892123,-0.000139446275440606,-0.000362373278461161,5.59352193825368e-05,0.000231626925499528,9.90784263391499e-05
-0.000139446275440606,0.000417597191073186,0.000213387500901911,-0.000425795926375686,-0.000638586808009312,-0.000674176602278489
-0.000362373278461161,0.000213387500901911,0.000577174687716026,-0.000407088316688735,-0.000738592842415455,-0.00132346695453548
5.59352193825368e-05,-0.000425795926375686,-0.000407088316688735,0.000610889795920524,0.000883710741853621,0.000799740553320055
0.000231626925499528,-0.000638586808009312,-0.000738592842415455,0.000883710741853621,0.0015183564414484,0.00116308215075838
9.90784263391499e-05,-0.000674176602278489,-0.00132346695453548,0.000799740553320055,0.00116308215075838,0.0249000717946046
