0.0272410240064714,0.016648452966158,0.00819214519150591,0.00521485446092169,-0.00154372089300999,-0.00824850334410804
0.016648452966158,0.0104023107621599,0.0052365269222287,0.00339625101970512,-0.000883050340358383,-0.00524339248729615
0.00819214519150591,0.0052365269222287,0.00299309918635262,0.00207887666529231,-0.000184362788228128,-0.00322156750789328
0.00521485446092169,0.00339625101970512,0.00207887666529231,0.00149670625061393,-5.09290986465917e-07,-0.00233385454949344
-0.00154372089300999,-0.000883050340358383,-0.000184362788228128,-5.09290986465917e-07,0.000391185359069192,-0.000196235548771112
-0.00824850334410804,-0.00524339248729615,-0.00322156750789328,-0.00233385454949344,-0.000196235548771112,0.00421765548898808
