0.0234002549384718,0.0090297967146512,0.00102138361880534,-0.00105772240359731,-0.00512313944821983,-0.00188763253232922
0.0090297967146512,0.005025462366089,0.00182293088863529,0.00046208580347003,-0.00295327662887914,-0.00629429406635418
0.00102138361880534,0.00182293088863529,0.00221494000683361,0.00145054893661279,-0.00130762876922484,-0.00754313632411846
-0.00105772240359731,0.00046208580347003,0.00145054893661279,0.00122507400917791,-0.000417216138092474,-0.00554849087625271
-0.00512313944821983,-0.00295327662887914,-0.00130762876922484,-0.000417216138092474,0.00201087551787336,0.00272032637110817
-0.00188763253232922,-0.00629429406635418,-0.00754313632411846,-0.00554849087625271,0.00272032637110817,0.0496710944105287
