0.00202337553418636,0.000484543876955257,-0.000540160545509041,-0.000514729671181522,-0.00017410287488578,-0.000590898924264198
0.000484543876955257,0.00086862045812461,0.000472390245578255,9.7926343754823e-05,-0.00093800225982147,-0.00158980185374708
-0.000540160545509041,0.000472390245578255,0.00108654286309933,0.000661504229322435,-0.000857668368145778,-0.00394447945776876
-0.000514729671181522,9.7926343754823e-05,0.000661504229322435,0.000678391004866047,-0.000300621855287023,-0.00387843007835675
-0.00017410287488578,-0.00093800225982147,-0.000857668368145778,-0.000300621855287023,0.00135970217375389,0.00149938534822622
-0.000590898924264198,-0.00158980185374708,-0.00394447945776876,-0.00387843007835675,0.00149938534822622,0.0415002720663748
