0.00484897895726615,0.00329297406392101,8.41760576433092e-05,-0.00241061184233925,-0.00542683894775688,-0.00767569961334065
0.00329297406392101,0.00294669621385673,0.000357575942557771,-0.00190827069827046,-0.00474319815174515,-0.00574147565573335
8.41760576433092e-05,0.000357575942557771,0.000374126984056494,2.83591698263066e-07,-0.000731922223470705,-0.00163972240006219
-0.00241061184233925,-0.00190827069827046,2.83591698263066e-07,0.00174443539216153,0.00288839738964659,0.001145861767311
-0.00542683894775688,-0.00474319815174515,-0.000731922223470705,0.00288839738964659,0.00809293019247923,0.0106541057400043
-0.00767569961334065,-0.00574147565573335,-0.00163972240006219,0.001145861767311,0.0106541057400043,0.0511168788222076
