0.0282480830278885,0.0179900092820284,0.00517819000906208,0.000462095015568773,-0.00692703092630865,-0.000403417766001818
0.0179900092820284,0.0148601459796788,0.00729620531352267,0.00260238421447538,-0.00608872362036764,-0.00152196236779058
0.00517819000906208,0.00729620531352267,0.00684832985375984,0.00365230878244745,-0.0028446441802725,-0.00450309158927521
0.000462095015568773,0.00260238421447538,0.00365230878244745,0.00246528083214168,-0.00086777917781107,-0.00354014847941316
-0.00692703092630865,-0.00608872362036764,-0.0028446441802725,-0.00086777917781107,0.00338253895443095,-0.00229718807364286
-0.000403417766001818,-0.00152196236779058,-0.00450309158927521,-0.00354014847941316,-0.00229718807364286,0.016085510877342
