0.0154770215204963,0.00847829373316846,0.00263254441830314,-0.0017987432757567,-0.0045414099137548,-0.00659428738398242
0.00847829373316846,0.00618569903883519,0.00296324331533464,-0.00105191930645273,-0.00343169185716465,-0.00724330084205997
0.00263254441830314,0.00296324331533464,0.00267424335638723,-6.52183269830374e-05,-0.00192371505179964,-0.00685889271119551
-0.0017987432757567,-0.00105191930645273,-6.52183269830374e-05,0.000711719228050688,0.000641317476945985,-0.00147004480220659
-0.0045414099137548,-0.00343169185716465,-0.00192371505179964,0.000641317476945985,0.0023422746337971,0.00274209428466529
-0.00659428738398242,-0.00724330084205997,-0.00685889271119551,-0.00147004480220659,0.00274209428466529,0.0371571442747574
