0.00342345846349414,0.000440455617230118,-0.000697736708212115,-0.000649861567048407,-0.000501576791456175,0.00322910203173312
0.000440455617230118,0.00122317448572105,0.000669331508401118,-0.000703762840151864,-0.00101019544832066,-0.00358128462006391
-0.000697736708212115,0.000669331508401118,0.00137928601700868,-0.000120998401470838,-0.000942201274325344,-0.00572592944796616
-0.000649861567048407,-0.000703762840151864,-0.000120998401470838,0.000800639939117956,0.000547856505931829,-0.000441610698206256
-0.000501576791456175,-0.00101019544832066,-0.000942201274325344,0.000547856505931829,0.00146460916797243,0.00169873118499706
0.00322910203173312,-0.00358128462006391,-0.00572592944796616,-0.000441610698206256,0.00169873118499706,0.060213383254704
