0.114362521433683,0.0694686749908785,0.0282860237146166,0.00057915060454739,-0.00990646881151147,-0.00744727427014389
0.0694686749908785,0.0562890250711526,0.0254547396169377,0.0029460871998609,-0.00633706369695365,-0.00849712946920067
0.0282860237146166,0.0254547396169377,0.0138167881668264,0.00345099536963069,-0.00160113613159937,-0.00685227389552984
0.00057915060454739,0.0029460871998609,0.00345099536963069,0.0031151675965338,0.00194904291824116,-0.00450619180662061
-0.00990646881151147,-0.00633706369695365,-0.00160113613159937,0.00194904291824116,0.00302141393452833,-0.00230206607852648
-0.00744727427014389,-0.00849712946920067,-0.00685227389552984,-0.00450619180662061,-0.00230206607852648,0.00801081683178057
