0.02809581394685,0.0198648129979548,0.00774593260451491,-0.00164904829661596,-0.00494984154726084,-0.00447789381588837
0.0198648129979548,0.0183948496197251,0.00940910892573503,-0.000807384714988135,-0.00482201728602255,-0.00472900104483542
0.00774593260451491,0.00940910892573503,0.00673846624151946,0.000690525098388017,-0.00226070647553766,-0.00477540811865707
-0.00164904829661596,-0.000807384714988135,0.000690525098388017,0.00167910561596005,0.00093076729805994,-0.00336753048889576
-0.00494984154726084,-0.00482201728602255,-0.00226070647553766,0.00093076729805994,0.00225426453052101,-0.00179105642635668
-0.00447789381588837,-0.00472900104483542,-0.00477540811865707,-0.00336753048889576,-0.00179105642635668,0.0140922402099099
