0.00794424126642299,0.00501863995156698,-0.000212654888597135,-0.00733442083460808,-0.00938187038833237,-0.0167222249178799
0.00501863995156698,0.00383816078490979,0.000170094670175738,-0.00529615767721177,-0.00689319963918861,-0.0124140191748513
-0.000212654888597135,0.000170094670175738,0.000673371938632297,-9.6064311612214e-06,-0.000440908873267957,-0.00307782755320705
-0.00733442083460808,-0.00529615767721177,-9.6064311612214e-06,0.0082224391721815,0.0100163287712232,0.01638369412627
-0.00938187038833237,-0.00689319963918861,-0.000440908873267957,0.0100163287712232,0.0132403795334012,0.0237334577882704
-0.0167222249178799,-0.0124140191748513,-0.00307782755320705,0.01638369412627,0.0237334577882704,0.103640218656692
